00100000000010100000000000000001
00100000000010110000000000000010
00100000000011000000000000000011
00100000000011010000000000000100
00100000000011100000000000000101
00100000000011110000000000000110
00100000000100000000000000000111
00100000000100010000000000001000
00001000000000000000000000001111
00100000000100100000000000001001
00100000000100110000000000001010
00100000000101000000000000001011
00100000000101010000000000001100
00100000000101100000000000001101
00001000000000000000000000010100
00100000000101110000000000001110
00100000000110000000000000001111
00100000000110010000000000010000
00100000000110100000000000010001
00001000000000000000000000001001
00100000000110110000000000010010
00100000000111000000000000010011
00100000000111010000000000010100
00100000000111100000000000010101
